ipomopsis <-
structure(list(root = c(6.2249999999999996, 6.4870000000000001, 
4.9189999999999996, 5.1299999999999999, 5.4169999999999998, 5.359, 
7.6139999999999999, 6.3520000000000003, 4.9749999999999996, 6.9299999999999997, 
6.2480000000000002, 5.4509999999999996, 6.0129999999999999, 5.9279999999999999, 
6.2640000000000002, 7.181, 7.0010000000000003, 4.4260000000000002, 
7.3019999999999996, 5.8360000000000003, 10.253, 6.9580000000000002, 
8.0009999999999994, 9.0389999999999997, 8.9100000000000001, 6.1059999999999999, 
7.6909999999999998, 8.9879999999999995, 8.9749999999999996, 9.8439999999999994, 
8.5079999999999991, 7.3540000000000001, 8.6430000000000007, 7.9160000000000004, 
9.3510000000000009, 7.0659999999999998, 8.1579999999999995, 7.3819999999999997, 
8.5150000000000006, 8.5299999999999994), fruit = c(59.770000000000003, 
60.979999999999997, 14.73, 19.280000000000001, 34.25, 35.530000000000001, 
87.730000000000004, 63.210000000000001, 24.25, 64.340000000000003, 
52.920000000000002, 32.350000000000001, 53.609999999999999, 54.859999999999999, 
64.810000000000002, 73.239999999999995, 80.640000000000001, 18.890000000000001, 
75.489999999999995, 46.729999999999997, 116.05, 38.939999999999998, 
60.770000000000003, 84.370000000000005, 70.109999999999999, 14.949999999999999, 
70.700000000000003, 80.310000000000002, 82.349999999999994, 105.06999999999999, 
73.790000000000006, 50.079999999999998, 78.280000000000001, 41.479999999999997, 
98.469999999999999, 40.149999999999999, 52.259999999999998, 46.640000000000001, 
71.010000000000005, 83.030000000000001), grazing = structure(c(2L, 
2L, 2L, 2L, 2L, 2L, 2L, 2L, 2L, 2L, 2L, 2L, 2L, 2L, 2L, 2L, 2L, 
2L, 2L, 2L, 1L, 1L, 1L, 1L, 1L, 1L, 1L, 1L, 1L, 1L, 1L, 1L, 1L, 
1L, 1L, 1L, 1L, 1L, 1L, 1L), levels = c("Grazed", "Ungrazed"), class = "factor")), row.names = c(NA, 
40L), class = "data.frame")
